<?xml version="1.0" encoding="UTF-8"?>
<COLLADA xmlns="http://www.collada.org/2005/11/COLLADASchema" version="1.4.1">
 <asset>
  <contributor>
   <authoring_tool>SceneKit Collada Exporter v1.0</authoring_tool>
  </contributor>
  <created>2018-06-14T14:08:26Z</created>
  <modified>2018-06-14T14:08:26Z</modified>
  <unit meter="0.025400"/>
  <up_axis>Z_UP</up_axis>
 </asset>
 <library_images>
  <image id="image1">
   <init_from>c16_body.png</init_from>
  </image>
 </library_images>
 <library_materials>
  <material id="Material__360" name="Material__360">
   <instance_effect url="#effect_Material__360"/>
  </material>
 </library_materials>
 <library_effects>
  <effect id="effect_Material__360">
   <profile_COMMON>
    <newparam sid="ID2_image1_surface">
     <surface type="2D">
      <init_from>image1</init_from>
     </surface>
    </newparam>
    <newparam sid="ID2_image1">
     <sampler2D>
      <source>ID2_image1_surface</source>
      <wrap_s>WRAP</wrap_s>
      <wrap_t>WRAP</wrap_t>
      <minfilter>LINEAR</minfilter>
      <magfilter>LINEAR</magfilter>
      <mipfilter>NONE</mipfilter>
     </sampler2D>
    </newparam>
    <technique sid="common">
     <blinn>
      <ambient>
       <color>0.588 0.588 0.588 1</color>
      </ambient>
      <diffuse>
       <texture texture="ID2_image1" texcoord="CHANNEL2"/>
      </diffuse>
      <specular>
       <color>0 0 0 1</color>
      </specular>
      <shininess>
       <float>0.415939</float>
      </shininess>
      <transparent opaque="A_ONE">
       <color>1 1 1 1</color>
      </transparent>
      <transparency>
       <float>1</float>
      </transparency>
      <index_of_refraction>
       <float>1</float>
      </index_of_refraction>
     </blinn>
    </technique>
   </profile_COMMON>
   <extra>
    <technique profile="SceneKit">
     <litPerPixel>1</litPerPixel>
     <ambient_diffuse_lock>0</ambient_diffuse_lock>
    </technique>
   </extra>
  </effect>
 </library_effects>
 <library_geometries>
  <geometry id="geometry3">
   <mesh>
    <source id="SMDImport-mesh-positions">
     <float_array id="ID4-array" count="432">11.4283 6.38744 20.6301 13.997 7.823 17.8049 7.823 13.997 17.8049 15.8637 8.86633 14.1987 17.959 -1e-06 14.1972 18.5926 0 10.3563 16.4233 9.1791 10.3551 12.9378 -1e-06 20.624 15.8458 -1e-06 17.801 6.38744 11.4283 20.6301 2.95788 2.95804 25.8175 0 4.1833 25.8175 0 12.9378 20.624 -6.38744 11.4283 20.6301 -7.82299 13.997 17.8049 -11.4283 6.38744 20.6301 0 15.8458 17.801 0 17.9591 14.1972 -2.95788 2.95804 25.8175 3.91148 -15.978 16.0012 0 -17.9591 14.1972 8.86631 -15.8637 14.1987 9.17904 -16.4233 10.3551 0 -18.5926 10.3563 0 -17.6302 6.01201 -9.17902 -16.4234 10.3551 3.91148 -15.978 16.0012 0 -15.8458 17.801 0 -17.9591 14.1972 -3.91148 -15.978 16.0012 -7.82299 -13.997 17.8049 -8.86629 -15.8638 14.1987 8.86631 -15.8637 14.1987 7.823 -13.997 17.8049 -3.91148 -15.978 16.0012 -8.86629 -15.8638 14.1987 7.45252 -13.3342 2.87849 0 -15.0954 2.88489 -7.45252 -13.3342 2.87849 -8.70395 -15.5734 6.00777 7.45252 -13.3342 2.87849 0 -15.0954 2.88489 -1e-06 -11.9712 1.17437 -7.45252 -13.3342 2.87849 -9.17902 -16.4234 10.3551 -15.7921 -8.79457 6.00777 -8.70395 -15.5734 6.00777 0 4.65253 0.254086 -1e-06 11.9712 1.17437 5.91016 10.5745 1.16667 7.45252 13.3342 2.87849 0 15.0954 2.88489 8.79455 15.7921 6.00777 13.3342 7.45252 2.87848 10.5745 5.91016 1.16666 3.2898 3.28984 0.254086 4.65252 0 0.254081 0 0 0.257842 -3.2898 3.28984 0.254086 -5.91016 10.5745 1.16667 -10.5745 5.91016 1.16668 -13.3342 7.45252 2.87849 -15.0954 0 2.88489 -11.9712 0 1.17434 -13.3342 -7.45252 2.87849 -10.5745 -5.91016 1.16668 -4.65252 0 0.254084 -15.0954 0 2.88489 -11.9712 0 1.17434 -4.65252 0 0.254084 -7.45252 13.3342 2.87849 -8.79455 15.7921 6.00777 0 17.6302 6.01201 -8.86629 15.8638 14.1987 -15.8638 8.86632 14.1987 -9.17902 16.4234 10.3551 -16.4234 9.1791 10.3551 0 18.5926 10.3563 9.17907 16.4233 10.3551 8.86631 15.8637 14.1987 -13.997 -7.82301 17.8049 -6.38744 -11.4283 20.6301 0 -12.9378 20.624 13.997 -7.82301 17.8049 6.38744 -11.4283 20.6301 -18.5926 0 10.3563 -17.9591 -1e-06 14.1972 -13.997 7.823 17.8049 -12.9378 -1e-06 20.624 -15.8458 -1e-06 17.801 -17.6302 0 6.01201 -15.5733 8.70397 6.00777 -17.6302 0 6.01201 -18.5926 0 10.3563 -16.4234 -9.1791 10.3551 -17.9591 -1e-06 14.1972 -15.8638 -8.86632 14.1987 -12.9378 -1e-06 20.624 -15.8458 -1e-06 17.801 -11.4283 -6.38744 20.6301 -2.95788 -2.95804 25.8175 0 -4.18331 25.8175 11.4283 -6.38744 20.6301 2.95788 -2.95804 25.8175 -1.13956 -2e-06 34.6353 -0.805798 0.805799 34.6353 -4.18329 -1e-06 25.8175 0 -1.13956 34.6353 -0.805798 -0.805802 34.6353 -4.18329 -1e-06 25.8175 0.805798 -0.805802 34.6353 0 1.13956 34.6353 0.805798 0.805799 34.6353 -1.13956 -2e-06 34.6353 12.9378 -1e-06 20.624 4.18329 -1e-06 25.8175 4.18329 -1e-06 25.8175 1.13956 -2e-06 34.6353 0 -2e-06 35.579 1.13956 -2e-06 34.6353 17.6302 0 6.01201 18.5926 0 10.3563 15.7921 -8.79457 6.00777 16.4233 -9.1791 10.3551 17.959 -1e-06 14.1972 15.8637 -8.86634 14.1987 9.17904 -16.4233 10.3551 15.8458 -1e-06 17.801 17.6302 0 6.01201 15.5733 8.70397 6.00777 15.0954 0 2.88489 11.9712 0 1.17431 15.0954 0 2.88489 13.3342 -7.45252 2.87848 11.9712 0 1.17431 10.5745 -5.91016 1.16666 4.65252 0 0.254081 8.70395 -15.5734 6.00777 8.70395 -15.5734 6.00777 5.91016 -10.5745 1.16667 0 -4.65253 0.254086 -5.91016 -10.5745 1.16667 -3.2898 -3.28984 0.254086 3.2898 -3.28984 0.254086 </float_array>
     <technique_common>
      <accessor source="#ID4-array" count="144" stride="3">
       <param name="X" type="float"/>
       <param name="Y" type="float"/>
       <param name="Z" type="float"/>
      </accessor>
     </technique_common>
    </source>
    <source id="SMDImport-mesh-normals">
     <float_array id="ID5-array" count="432">0.538597 0.299223 0.787641 0.691985 0.385735 0.610217 0.385734 0.691984 0.610219 0.823445 0.459225 0.333243 0.943396 0 0.331667 0.99973 0.004389 -0.022811 0.874978 0.483594 -0.023458 0.61836 0 0.785895 0.794065 0 0.607833 0.299222 0.538598 0.787642 0.50855 0.508564 0.694795 0 0.721137 0.692793 0 0.61836 0.785895 -0.299221 0.538597 0.787642 -0.385731 0.69198 0.610226 -0.538597 0.299222 0.787642 0 0.794061 0.607838 3e-06 0.943395 0.331672 -0.50855 0.508564 0.694795 0.199607 -0.845344 0.495531 4e-06 -0.943395 0.331672 0.459224 -0.823446 0.33324 0.483593 -0.874979 -0.023461 5e-06 -0.999648 -0.026522 2e-06 -0.906685 -0.421809 -0.483588 -0.874981 -0.023469 0.199607 -0.845344 0.495531 0 -0.794062 0.607837 4e-06 -0.943395 0.331672 -0.199602 -0.84534 0.49554 -0.385731 -0.69198 0.610225 -0.459217 -0.823447 0.333249 0.459224 -0.823446 0.33324 0.385734 -0.691984 0.610219 -0.199602 -0.84534 0.49554 -0.459217 -0.823447 0.333249 0.314346 -0.573269 -0.75667 0 -0.656819 -0.754048 -0.314346 -0.573268 -0.756671 -0.432427 -0.795984 -0.423576 0.314346 -0.573269 -0.75667 0 -0.656819 -0.754048 0 -0.332618 -0.943062 -0.314346 -0.573268 -0.756671 -0.483588 -0.874981 -0.023469 -0.794662 -0.44114 -0.417022 -0.432427 -0.795984 -0.423576 0 0.071559 -0.997436 0 0.332619 -0.943061 0.16174 0.291741 -0.942723 0.310744 0.556776 -0.77035 0 0.652097 -0.758135 0.441141 0.794665 -0.417014 0.573268 0.314347 -0.75667 0.291736 0.161743 -0.942724 0.049772 0.049773 -0.99752 0.071556 0 -0.997437 0 0 -1 -0.049773 0.049773 -0.99752 -0.161741 0.29174 -0.942723 -0.291736 0.161742 -0.942725 -0.573268 0.314346 -0.756671 -0.654453 0.0047 -0.756088 -0.33262 0 -0.943061 -0.556775 -0.310744 -0.77035 -0.291739 -0.161742 -0.942724 -0.071558 0 -0.997436 -0.654453 0.0047 -0.756088 -0.33262 0 -0.943061 -0.071558 0 -0.997436 -0.310745 0.556775 -0.77035 -0.44114 0.794664 -0.417019 0 0.906018 -0.423238 -0.459219 0.823447 0.333248 -0.823444 0.45922 0.333251 -0.487537 0.873101 -0.001475 -0.874978 0.483593 -0.023467 2e-06 0.999817 -0.019121 0.487544 0.873097 -0.001467 0.459225 0.823444 0.333244 -0.69198 -0.385732 0.610225 -0.299222 -0.538597 0.787641 0 -0.61836 0.785895 0.691985 -0.385735 0.610217 0.299222 -0.538597 0.787642 -0.99973 0.004388 -0.022817 -0.943394 0 0.331673 -0.69198 0.385732 0.610225 -0.61836 0 0.785895 -0.794062 0 0.607837 -0.906289 0.011608 -0.4225 -0.795982 0.432425 -0.423581 -0.906289 0.011608 -0.4225 -0.99973 0.004388 -0.022817 -0.873099 -0.487541 -0.001477 -0.943394 0 0.331673 -0.823445 -0.459219 0.333252 -0.61836 0 0.785895 -0.794062 0 0.607837 -0.538597 -0.299223 0.787641 -0.50855 -0.508564 0.694795 0 -0.721136 0.692793 0.538597 -0.299223 0.787641 0.50855 -0.508564 0.694795 -0.841451 0 0.540334 -0.594996 0.594994 0.540335 -0.721131 0 0.692798 0 -0.84145 0.540335 -0.594996 -0.594994 0.540335 -0.721131 0 0.692798 0.594996 -0.594994 0.540335 0 0.84145 0.540335 0.594996 0.594994 0.540335 -0.841451 0 0.540334 0.61836 0 0.785895 0.721132 0 0.692798 0.721132 0 0.692798 0.841451 0 0.540334 0 0 1 0.841451 0 0.540334 0.906291 0.01161 -0.422494 0.99973 0.004389 -0.022811 0.794666 -0.441143 -0.417012 0.873097 -0.487544 -0.001467 0.943396 0 0.331667 0.823445 -0.459225 0.333243 0.483593 -0.874979 -0.023461 0.794065 0 0.607833 0.906291 0.01161 -0.422494 0.795987 0.432427 -0.42357 0.654454 0.004699 -0.756087 0.332619 -1e-06 -0.943061 0.654454 0.004699 -0.756087 0.556776 -0.310745 -0.770349 0.332619 -1e-06 -0.943061 0.291739 -0.161743 -0.942723 0.071556 0 -0.997437 0.432427 -0.795989 -0.423567 0.432427 -0.795989 -0.423567 0.16174 -0.291739 -0.942724 0 -0.071559 -0.997436 -0.161741 -0.291738 -0.942724 -0.049773 -0.049773 -0.99752 0.049772 -0.049773 -0.99752 </float_array>
     <technique_common>
      <accessor source="#ID5-array" count="144" stride="3">
       <param name="X" type="float"/>
       <param name="Y" type="float"/>
       <param name="Z" type="float"/>
      </accessor>
     </technique_common>
    </source>
    <source id="SMDImport-mesh-map-channel1">
     <float_array id="ID6-array" count="288">0.922463 0.571299 0.942297 0.496949 0.894622 0.496949 0.95671 0.402037 0.976843 0.402037 0.981874 0.300874 0.961031 0.300874 0.936967 0.571299 0.96006 0.496949 0.883537 0.571299 0.859898 0.708113 0.834215 0.708113 0.834215 0.571299 0.883537 0.571299 0.894622 0.496949 0.922463 0.571299 0.834215 0.496949 0.834215 0.402037 0.859898 0.708113 0.364103 0.931835 0.098006 0.809122 0.701174 0.809227 0.722451 0.547751 0.098006 0.54783 0.098006 0.252293 0.722451 0.547751 0.95957 0.449493 0.96006 0.496949 0.976843 0.402037 0.95957 0.449493 0.942297 0.496949 0.95671 0.402037 0.95671 0.402037 0.942297 0.496949 0.364103 0.931835 0.701174 0.809227 0.604996 0.039127 0.098006 0.039563 0.604996 0.039127 0.69013 0.252007 0.937178 0.104092 0.9541 0.104092 0.929289 0.05904 0.937178 0.104092 0.961031 0.300874 0.902124 0.186453 0.954468 0.186453 0.834215 0.034798 0.834215 0.05904 0.879851 0.05904 0.891761 0.104092 0.834215 0.104092 0.902124 0.186453 0.937178 0.104092 0.915869 0.05904 0.860342 0.034798 0.871164 0.034798 0.834215 0.034897 0.860342 0.034798 0.879851 0.05904 0.915869 0.05904 0.937178 0.104092 0.834215 0.104092 0.834215 0.05904 0.891761 0.104092 0.879851 0.05904 0.834215 0.034798 0.9541 0.104092 0.929289 0.05904 0.871164 0.034798 0.891761 0.104092 0.902124 0.186453 0.834215 0.186453 0.902678 0.402037 0.95671 0.402037 0.905093 0.300874 0.961031 0.300874 0.834215 0.300874 0.905093 0.300874 0.902678 0.402037 0.894622 0.496949 0.922463 0.571299 0.936967 0.571299 0.894622 0.496949 0.922463 0.571299 0.981874 0.300874 0.976843 0.402037 0.942297 0.496949 0.936967 0.571299 0.96006 0.496949 0.974231 0.186453 0.954468 0.186453 0.834215 0.186453 0.834215 0.300874 0.905093 0.300874 0.834215 0.402037 0.902678 0.402037 0.834215 0.571299 0.834215 0.496949 0.883537 0.571299 0.859898 0.708113 0.870536 0.708113 0.883537 0.571299 0.859898 0.708113 0.843265 0.940345 0.840614 0.940345 0.870536 0.708113 0.843265 0.940345 0.840614 0.940345 0.834215 0.708113 0.840614 0.940345 0.834215 0.940345 0.840614 0.940345 0.834215 0.940345 0.834215 0.571299 0.834215 0.708113 0.870536 0.708113 0.843265 0.940345 0.834215 0.965202 0.834215 0.940345 0.834215 0.186453 0.834215 0.300874 0.902124 0.186453 0.905093 0.300874 0.834215 0.402037 0.902678 0.402037 0.961031 0.300874 0.834215 0.496949 0.974231 0.186453 0.954468 0.186453 0.9541 0.104092 0.929289 0.05904 0.834215 0.104092 0.891761 0.104092 0.834215 0.05904 0.879851 0.05904 0.834215 0.034798 0.954468 0.186453 0.69013 0.252007 0.915869 0.05904 0.871164 0.034798 0.915869 0.05904 0.860342 0.034798 0.860342 0.034798 </float_array>
     <technique_common>
      <accessor source="#ID6-array" count="144" stride="2">
       <param name="S" type="float"/>
       <param name="T" type="float"/>
      </accessor>
     </technique_common>
    </source>
    <vertices id="SMDImport-mesh-positions-vertices">
     <input semantic="POSITION" source="#SMDImport-mesh-positions"/>
    </vertices>
    <triangles count="220" material="geometryElement7">
     <input semantic="VERTEX" offset="0" source="#SMDImport-mesh-positions-vertices"/>
     <input semantic="NORMAL" offset="0" source="#SMDImport-mesh-normals"/>
     <input semantic="TEXCOORD" offset="0" source="#SMDImport-mesh-map-channel1" set="1"/>
     <p>0 1 2 1 3 2 1 4 3 5 6 4 6 3 4 0 7 1 7 8 1 1 8 4 0 9 10 9 11 10 9 12 11 12 13 11 12 14 13 14 15 13 0 2 9 2 12 9 2 16 12 16 14 12 16 17 14 11 13 18 13 15 18 17 16 2 19 20 21 20 22 21 20 23 22 23 24 22 23 25 24 26 27 28 27 29 28 27 30 29 30 31 29 32 33 26 33 27 26 34 35 20 35 25 20 25 23 20 36 24 37 24 38 37 24 39 38 40 41 42 41 43 42 44 45 46 45 43 46 39 24 25 47 48 49 48 50 49 48 51 50 51 52 50 49 50 53 50 52 53 53 54 49 54 55 49 54 56 55 56 57 55 57 58 47 58 59 47 58 60 59 60 61 59 49 55 47 55 57 47 62 63 64 63 65 64 63 66 65 67 61 68 61 60 68 68 60 69 60 58 69 69 58 57 47 59 48 59 70 48 59 61 70 61 71 70 48 70 51 70 71 51 71 72 51 72 52 51 17 73 14 73 74 14 73 75 74 75 76 74 75 71 76 73 17 75 17 77 75 17 78 77 78 52 77 78 6 52 6 78 3 78 79 3 78 17 79 17 2 79 75 77 71 77 72 71 77 52 72 79 2 3 31 30 80 30 81 80 30 82 81 32 83 33 83 84 33 30 27 82 27 33 82 82 33 84 85 86 76 86 74 76 86 87 74 87 14 74 87 15 14 15 87 88 87 89 88 87 86 89 85 76 90 76 91 90 76 71 91 71 61 91 91 61 90 61 67 90 45 92 62 92 45 93 45 94 93 45 44 94 44 31 94 93 94 95 94 96 95 94 31 96 31 80 96 97 98 80 98 95 80 96 80 95 99 81 100 81 101 100 81 82 101 82 84 101 102 103 84 103 101 84 97 80 99 80 81 99 104 105 106 105 18 106 105 11 18 107 108 101 108 100 101 108 109 100 97 99 109 99 100 109 103 110 101 110 107 101 105 111 11 111 112 11 88 106 15 106 18 15 109 108 113 11 112 10 114 115 102 115 103 102 115 110 103 10 112 116 112 117 116 112 118 117 113 108 118 108 107 118 84 83 102 83 114 102 7 0 116 0 10 116 115 119 110 119 118 110 112 111 118 111 105 118 110 118 107 118 105 104 120 121 122 121 123 122 121 124 123 124 125 123 124 83 125 83 32 125 122 123 126 123 32 126 123 125 32 124 127 83 127 114 83 5 128 6 128 129 6 128 53 129 53 52 129 129 52 6 53 128 130 130 131 53 131 54 53 131 56 54 132 133 134 133 135 134 134 135 136 126 137 122 137 40 122 36 138 24 138 22 24 40 133 122 133 132 122 122 132 120 133 40 135 40 139 135 40 42 139 42 140 139 43 141 42 141 140 42 141 142 140 140 143 139 143 135 139 142 57 140 57 143 140 57 136 143 136 135 143 65 66 142 66 57 142 142 141 65 141 43 65 65 43 64 43 45 64 64 45 62 </p>
    </triangles>
   </mesh>
  </geometry>
 </library_geometries>
 <library_controllers>
  <controller id="SMDImport" name="SMDImport">
   <skin source="#geometry3">
    <bind_shape_matrix>1 0 0 0 0 1 0 0 0 0 1 0 0 0 0 1 </bind_shape_matrix>
    <source id="ID8">
     <Name_array id="ID8-array" count="30">SID_1 SID_2 SID_3 SID_4 SID_5 SID_6 SID_7 SID_8 SID_9 SID_10 SID_11 SID_12 SID_13 SID_14 SID_15 SID_16 SID_17 SID_18 SID_19 SID_20 SID_21 SID_22 SID_23 SID_24 SID_25 SID_26 SID_27 SID_28 SID_29 SID_30 </Name_array>
     <technique_common>
      <accessor source="#ID8-array" count="30" stride="1">
       <param name="JOINT" type="name"/>
      </accessor>
     </technique_common>
    </source>
    <source id="SID_31">
     <float_array id="SID_31-array" count="480">1 0 0 0 0 0 1 -12 0 -1 0 18 0 0 0 1 0.707106 -0.707108 0 12.7279 0.707108 0.707106 0 -12.7279 -0 0 1 -12 0 0 0 1 -0.707114 -0.7071 0 12.7278 -0.7071 0.707114 0 -12.7281 -0 -0 -1 12 0 0 0 1 0 -0.6 0.8 1.19999 -0 0.8 0.6 -21.6 -1 -0 0 3e-06 0 0 0 1 0 -0.832051 -0.5547 21.6333 0 0.5547 -0.832051 2e-06 1 -0 0 -3e-06 0 0 0 1 1 0 0 0 0 0 1 -12 0 -1 0 -18 0 0 0 1 0.707106 0.707108 -0 12.7279 0.707108 -0.707106 0 -12.7279 0 -0 -1 12 0 0 0 1 -0.707114 0.7071 0 12.7278 -0.7071 -0.707114 0 -12.7281 0 0 1 -12 0 0 0 1 0 0.6 0.8 1.2 -0 -0.8 0.6 -21.6 1 -0 -0 -3e-06 0 0 0 1 0 0.83205 -0.5547 21.6333 0 -0.5547 -0.83205 9e-06 -1 0 -0 3e-06 0 0 0 1 1 0 0 -17.9999 0 0 1 -12 0 -1 0 0 0 0 0 1 -0.707106 0.707108 -0 12.7279 0.707108 0.707106 0 -12.7279 0 -0 -1 12 0 0 0 1 -0.707107 -0.707107 0 12.7279 0.707107 -0.707107 0 -12.7279 -0 0 1 -12 0 0 0 1 -0.599999 -0 0.800001 1.19991 0.800001 0 0.599999 -21.5999 -0 1 0 -1e-06 0 0 0 1 -0.832049 -0 -0.554702 21.6332 0.554702 -0 -0.832049 0 0 -1 0 0 0 0 0 1 1 0 0 18.0004 0 0 1 -12 0 -1 0 0 0 0 0 1 0.707114 0.7071 -0 12.7283 -0.7071 0.707114 0 -12.7281 0 0 1 -12 0 0 0 1 0.707114 -0.7071 0 12.7283 -0.7071 -0.707114 0 -12.7281 -0 -0 -1 12 0 0 0 1 0.600007 0 0.799994 1.20041 -0.799994 0 0.600007 -21.6003 0 -1 0 0 0 0 0 1 0.832056 -0 -0.554692 21.6336 -0.554692 -0 -0.832056 6e-06 -0 1 -0 0 0 0 0 1 1 0 0 0 0 0 1 -36 0 -1 0 0 0 0 0 1 0 0.6 -0.8 28.8 0 0.8 0.6 -21.6 1 -0 0 -4e-06 0 0 0 1 0 -0.6 -0.8 28.8 0 -0.8 0.6 -21.6 -1 -0 -0 4e-06 0 0 0 1 0.599998 -0 -0.800001 28.8 0.800001 0 0.599998 -21.5999 0 -1 0 0 0 0 0 1 -0.600007 0 -0.799995 28.7998 -0.799995 0 0.600007 -21.6003 0 1 0 -1.9e-05 0 0 0 1 1 0 0 0 0 0 1 -1e-06 0 -1 0 0 0 0 0 1 0 0.832051 0.5547 -1e-06 -0 0.5547 -0.832051 1e-06 -1 -0 0 0 0 0 0 1 0 -0.83205 0.5547 -1e-06 -0 -0.5547 -0.83205 1e-06 1 0 -0 0 0 0 0 1 0.83205 0 0.554701 -1e-06 0.554701 0 -0.83205 1e-06 -0 1 0 0 0 0 0 1 -0.832055 0 0.554693 -1e-06 -0.554693 -0 -0.832055 1e-06 0 -1 0 0 0 0 0 1 </float_array>
     <technique_common>
      <accessor source="#SID_31-array" count="30" stride="16">
       <param name="TRANSFORM" type="float4x4"/>
      </accessor>
     </technique_common>
    </source>
    <source id="SID_32">
     <float_array id="SID_32-array" count="237">0.5 0.5 0.8 0.2 0.2 0.8 1 1 1 1 0.5 0.5 0.4 0.6 0.5 0.5 0.5 0.5 0.5 0.5 0.5 0.5 0.5 0.5 0.2 0.8 0.5 0.5 0.4 0.6 1 0.5 0.5 0.4 0.6 1 1 1 1 0.8 0.2 1 0.4 0.6 0.6 0.4 1 0.4 0.6 0.2 0.8 1 1 0.2 0.8 0.4 0.6 1 0.5 0.5 0.5 0.5 0.5 0.5 0.2 0.8 0.5 0.5 0.5 0.5 1 0.5 0.5 1 0.8 0.2 0.2 0.8 0.6 0.4 1 0.2 0.8 0.5 0.5 0.5 0.5 0.8 0.2 0.5 0.5 0.2 0.8 0.5 0.5 0.6 0.4 1 0.5 0.5 0.2 0.8 0.2 0.8 0.5 0.5 0.5 0.5 1 0.5 0.5 0.2 0.8 0.6 0.4 0.5 0.5 1 0.6 0.4 0.5 0.5 0.8 0.2 0.8 0.2 1 1 1 1 1 1 1 0.2 0.8 0.5 0.5 0.5 0.5 0.2 0.8 0.5 0.5 1 1 0.8 0.2 0.5 0.5 0.4 0.6 0.2 0.8 0.8 0.2 0.2 0.8 1 1 1 1 0.5 0.5 0.4 0.6 0.5 0.5 0.5 0.5 0.5 0.5 0.5 0.5 0.5 0.5 1 1 0.5 0.5 1 1 0.5 0.5 1 1 1 1 0.5 0.5 0.5 0.5 0.5 0.5 1 1 1 0.8 0.2 1 0.2 0.8 1 1 1 1 0.4 0.6 0.8 0.2 0.8 0.2 0.5 0.5 1 0.5 0.5 0.5 0.5 1 0.8 0.2 0.6 0.4 0.8 0.2 0.8 0.2 0.2 0.8 0.6 0.4 0.8 0.2 0.5 0.5 0.5 0.5 </float_array>
     <technique_common>
      <accessor source="#SID_32-array" count="237" stride="1">
       <param name="WEIGHT" type="float"/>
      </accessor>
     </technique_common>
    </source>
    <joints>
     <input semantic="JOINT" source="#ID8"/>
     <input semantic="INV_BIND_MATRIX" source="#SID_31"/>
    </joints>
    <vertex_weights count="144">
     <input semantic="JOINT" source="#ID8" offset="0"/>
     <input semantic="WEIGHT" source="#SID_32" offset="1"/>
     <vcount>2 2 2 1 1 1 1 2 2 2 2 2 2 2 2 2 2 1 2 2 1 1 1 1 2 1 2 2 1 2 2 1 1 2 2 1 2 2 2 2 2 2 1 2 1 2 2 2 1 2 2 2 2 2 2 2 2 1 2 2 2 2 2 1 2 2 2 2 1 2 2 2 2 1 1 1 1 1 1 1 2 2 2 2 2 1 1 2 2 2 2 2 2 1 1 1 1 2 2 2 2 2 2 2 1 1 2 1 1 2 1 1 1 1 2 2 2 1 1 1 2 1 2 1 1 1 1 2 2 2 2 1 2 2 1 2 2 2 2 2 2 2 2 2 </vcount>
     <v>11 0 13 1 11 2 13 3 3 4 1 5 11 6 10 7 10 8 11 9 13 10 10 11 13 12 10 13 3 14 1 15 20 16 21 17 20 18 21 19 3 20 0 21 3 22 2 23 3 24 2 25 16 26 18 27 3 28 0 29 0 30 20 31 21 32 5 33 8 34 5 35 6 36 6 37 5 38 5 39 9 40 7 41 5 42 8 43 5 44 8 45 5 46 5 47 8 48 8 49 7 50 7 51 6 52 8 53 6 54 5 55 8 56 7 57 6 58 9 59 5 60 9 61 9 62 7 63 9 64 7 65 6 66 9 67 5 68 9 69 9 70 9 71 7 72 7 73 17 74 19 75 9 76 7 77 25 78 26 79 4 80 1 81 4 82 1 83 4 84 0 85 4 86 1 87 4 88 11 89 14 90 11 91 14 92 25 93 26 94 25 95 28 96 25 97 25 98 26 99 2 100 4 101 16 102 19 103 16 104 19 105 19 106 15 107 19 108 17 109 19 110 17 111 19 112 25 113 29 114 19 115 15 116 19 117 25 118 29 119 2 120 4 121 2 122 4 123 0 124 4 125 2 126 16 127 2 128 16 129 0 130 1 131 1 132 18 133 17 134 8 135 7 136 5 137 8 138 13 139 12 140 8 141 6 142 15 143 15 144 16 145 18 146 18 147 15 148 18 149 15 150 19 151 15 152 16 153 19 154 19 155 15 156 15 157 17 158 15 159 17 160 18 161 15 162 18 163 15 164 18 165 17 166 20 167 22 168 20 169 22 170 13 171 12 172 20 173 22 174 20 175 20 176 20 177 24 178 20 179 20 180 20 181 24 182 20 183 20 184 20 185 20 186 13 187 10 188 20 189 23 190 20 191 23 192 20 193 20 194 20 195 10 196 14 197 10 198 14 199 12 200 12 201 10 202 12 203 6 204 13 205 10 206 10 207 14 208 11 209 14 210 10 211 14 212 14 213 10 214 14 215 14 216 12 217 14 218 14 219 12 220 25 221 28 222 6 223 9 224 6 225 9 226 6 227 9 228 25 229 27 230 9 231 7 232 25 233 27 234 25 235 27 236 </v>
    </vertex_weights>
   </skin>
  </controller>
 </library_controllers>
 <library_visual_scenes>
  <visual_scene id="scene9">
   <node id="root-node" name="root" type="JOINT">
    <matrix>-0.9999999 1.065814e-14 -8.742277e-08 0 -8.742278e-08 -1.192093e-07 0.9999998 0 -3.552714e-15 0.9999998 1.788139e-07 0 0 0 0 1 </matrix>
    <node id="kosi_jnt-node" name="kosi_jnt" type="JOINT">
     <matrix>1 0 0 0 0 1 0 12 0 0 1 0 0 0 0 1 </matrix>
     <node id="B_main_jnt-node" name="B_main_jnt" sid="SID_1" type="JOINT">
      <matrix>1 0 0 0 0 1 0 0 0 0 1 -18 0 0 0 1 </matrix>
      <node id="B_T_jnt-node" name="B_T_jnt" sid="SID_4" type="JOINT">
       <matrix>-7.599592e-07 3.576279e-07 -1 0 0.8000003 0.5999997 -3.576279e-07 0 0.5999997 -0.8000003 -7.748604e-07 0 0 0 0 1 </matrix>
      </node>
      <node id="B_L-node" name="B_L" sid="SID_2" type="JOINT">
       <matrix>0.7071056 0.707108 -9.536743e-07 0 1.013279e-06 3.72529e-07 1 0 0.707108 -0.7071055 -4.321337e-07 0 0 0 0 1 </matrix>
      </node>
      <node id="B_R-node" name="B_R" sid="SID_3" type="JOINT">
       <matrix>-0.7071162 -0.7070969 3.933907e-06 0 -3.933907e-06 -1.490116e-06 -0.9999999 0 0.7070969 -0.7071164 -1.490116e-06 0 0 0 0 1 </matrix>
      </node>
      <node id="B_U_jnt-node" name="B_U_jnt" sid="SID_5" type="JOINT">
       <matrix>-7.748604e-07 -2.503395e-06 1 0 -0.5546968 -0.8320526 -2.503395e-06 0 0.8320526 -0.5546968 -7.748604e-07 0 0 0 0 1 </matrix>
      </node>
      <node id="eff_hip-node" name="eff_hip" type="JOINT">
       <matrix>1 0 0 0 0 1 0 0 0 0 1 -0.899319 0 0 0 1 </matrix>
      </node>
     </node>
     <node id="F_main_jnt-node" name="F_main_jnt" sid="SID_6" type="JOINT">
      <matrix>1 0 0 0 0 1 0 0 0 0 1 18 0 0 0 1 </matrix>
      <node id="F_R-node" name="F_R" sid="SID_8" type="JOINT">
       <matrix>-0.7071162 -0.7070969 -3.933907e-06 0 -3.933907e-06 -1.490116e-06 0.9999999 0 -0.7070969 0.7071164 -1.490116e-06 0 0 0 0 1 </matrix>
      </node>
      <node id="F_L-node" name="F_L" sid="SID_7" type="JOINT">
       <matrix>0.7071062 0.7071073 -1.490116e-07 0 1.490116e-07 -1.937151e-07 -0.9999999 0 -0.7071073 0.7071061 -1.937151e-07 0 0 0 0 1 </matrix>
      </node>
      <node id="F_T_jnt-node" name="F_T_jnt" sid="SID_9" type="JOINT">
       <matrix>-7.599592e-07 3.576279e-07 1 0 0.8000003 0.5999997 3.576279e-07 0 -0.5999997 0.8000003 -7.748604e-07 0 0 0 0 1 </matrix>
      </node>
      <node id="F_U_jnt-node" name="F_U_jnt" sid="SID_10" type="JOINT">
       <matrix>-7.748604e-07 -2.563e-06 -1 0 -0.5546967 -0.8320526 2.563e-06 0 -0.8320526 0.5546967 -7.748604e-07 0 0 0 0 1 </matrix>
      </node>
     </node>
     <node id="L_main_jnt-node" name="L_main_jnt" sid="SID_11" type="JOINT">
      <matrix>1 0 0 17.9999 0 1 0 0 0 0 1 0 0 0 0 1 </matrix>
      <node id="L_B_jnt-node" name="L_B_jnt" sid="SID_12" type="JOINT">
       <matrix>-0.7071038 0.7071096 2.712011e-06 0 -2.712011e-06 1.192093e-06 -0.9999999 0 -0.7071096 -0.7071039 1.192093e-06 0 0 0 0 1 </matrix>
      </node>
      <node id="L_T_jnt-node" name="L_T_jnt" sid="SID_14" type="JOINT">
       <matrix>-0.5999991 0.8000005 7.819329e-08 0 0.8000005 0.5999993 -3.909669e-08 0 -7.819329e-08 3.909669e-08 -0.9999998 0 0 0 0 1 </matrix>
      </node>
      <node id="L_U_jnt-node" name="L_U_jnt" sid="SID_15" type="JOINT">
       <matrix>-0.8320508 0.5546992 0 0 -0.5546992 -0.8320508 0 0 0 0 1 0 0 0 0 1 </matrix>
      </node>
      <node id="L_F_jnt-node" name="L_F_jnt" sid="SID_13" type="JOINT">
       <matrix>-0.7071035 0.7071093 -3.546476e-06 0 -2.533197e-06 2.801418e-06 0.9999997 0 0.7071093 0.7071038 2.980232e-07 0 0 0 0 1 </matrix>
      </node>
     </node>
     <node id="L_asi_jnt-node" name="L_asi_jnt" type="JOINT">
      <matrix>1 0 0 8 0 1 0 -12 0 0 1 0 0 0 0 1 </matrix>
     </node>
     <node id="R_asi_jnt-node" name="R_asi_jnt" type="JOINT">
      <matrix>1 0 0 -8 0 1 0 -12 0 0 1 0 0 0 0 1 </matrix>
     </node>
     <node id="T_main_jnt-node" name="T_main_jnt" sid="SID_21" type="JOINT">
      <matrix>1 0 0 0 0 1 0 24 0 0 1 0 0 0 0 1 </matrix>
      <node id="eff_head-node" name="eff_head" type="JOINT">
       <matrix>1 0 0 0 0 1 0 -1.2 0 0 1 0 0 0 0 1 </matrix>
      </node>
      <node id="T_R-node" name="T_R" sid="SID_25" type="JOINT">
       <matrix>-0.600006 -0.7999949 7.819345e-08 0 -0.7999949 0.6000066 3.909634e-08 0 -7.819345e-08 -3.909634e-08 -0.9999994 0 0 0 0 1 </matrix>
      </node>
      <node id="T_L-node" name="T_L" sid="SID_24" type="JOINT">
       <matrix>0.5999987 0.800001 0 0 -0.800001 0.5999987 0 0 0 0 1 0 0 0 0 1 </matrix>
      </node>
      <node id="T_B_jnt-node" name="T_B_jnt" sid="SID_22" type="JOINT">
       <matrix>-7.599592e-07 -3.576279e-07 1 0 -0.8000003 0.5999997 -3.576279e-07 0 -0.5999997 -0.8000003 -7.748604e-07 0 0 0 0 1 </matrix>
      </node>
      <node id="T_F_jnt-node" name="T_F_jnt" sid="SID_23" type="JOINT">
       <matrix>-7.599592e-07 -3.576279e-07 -1 0 -0.8000003 0.5999997 3.576279e-07 0 0.5999997 0.8000003 -7.748604e-07 0 0 0 0 1 </matrix>
      </node>
     </node>
     <node id="R_main_jnt-node" name="R_main_jnt" sid="SID_16" type="JOINT">
      <matrix>1 0 0 -18.0004 0 1 0 0 0 0 1 0 0 0 0 1 </matrix>
      <node id="R_U_jnt-node" name="R_U_jnt" sid="SID_20" type="JOINT">
       <matrix>0.832055 -0.554693 -2.533338e-08 0 -0.554693 -0.832055 -8.367175e-08 0 2.533338e-08 8.367175e-08 -0.9999999 0 0 0 0 1 </matrix>
      </node>
      <node id="R_F_jnt-node" name="R_F_jnt" sid="SID_18" type="JOINT">
       <matrix>0.707114 -0.7070996 -3.874302e-07 0 3.874302e-07 9.834766e-07 -0.9999999 0 0.7070996 0.7071139 9.834766e-07 0 0 0 0 1 </matrix>
      </node>
      <node id="R_T_jnt-node" name="R_T_jnt" sid="SID_19" type="JOINT">
       <matrix>0.6000071 -0.7999947 0 0 0.7999947 0.6000071 0 0 0 0 1 0 0 0 0 1 </matrix>
      </node>
      <node id="R_B_jnt-node" name="R_B_jnt" sid="SID_17" type="JOINT">
       <matrix>0.707114 -0.7070996 3.874302e-07 0 3.874302e-07 9.834766e-07 0.9999999 0 -0.7070996 -0.7071139 9.834766e-07 0 0 0 0 1 </matrix>
      </node>
     </node>
     <node id="U_main_jnt-node" name="U_main_jnt" sid="SID_26" type="JOINT">
      <matrix>1 0 0 0 0 1 0 -12 0 0 1 0 0 0 0 1 </matrix>
      <node id="U_L-node" name="U_L" sid="SID_29" type="JOINT">
       <matrix>0.8320494 0.5547014 2.53338e-08 0 0.5547014 -0.832049 -8.367162e-08 0 -2.53338e-08 8.367162e-08 -0.9999996 0 0 0 0 1 </matrix>
      </node>
      <node id="U_F_jnt-node" name="U_F_jnt" sid="SID_28" type="JOINT">
       <matrix>-7.748604e-07 2.563e-06 1 0 0.5546967 -0.8320526 2.563e-06 0 0.8320526 0.5546967 -7.748604e-07 0 0 0 0 1 </matrix>
      </node>
      <node id="U_B_jnt-node" name="U_B_jnt" sid="SID_27" type="JOINT">
       <matrix>-7.748604e-07 2.503395e-06 -1 0 0.5546968 -0.8320526 -2.503395e-06 0 -0.8320526 -0.5546968 -7.748604e-07 0 0 0 0 1 </matrix>
      </node>
      <node id="U_R-node" name="U_R" sid="SID_30" type="JOINT">
       <matrix>-0.8320506 -0.5546993 0 0 0.5546993 -0.8320506 0 0 0 0 1 0 0 0 0 1 </matrix>
      </node>
     </node>
    </node>
    <node id="trans-node" name="trans" type="JOINT"/>
   </node>
   <node id="Slime-node" name="Slime" type="JOINT">
    <matrix>-0.9999999 0 -8.742278e-08 0 -8.742278e-08 5.960464e-08 0.9999999 0 0 0.9999999 5.960464e-08 0 0 0 0 1 </matrix>
   </node>
   <node id="SMDImport-node" name="SMDImport">
    <matrix>-0.9999999 0 -8.742278e-08 0 -8.742278e-08 5.960464e-08 0.9999999 0 0 0.9999999 5.960464e-08 0 0 0 0 1 </matrix>
    <instance_controller url="#SMDImport">
     <skeleton>#kosi_jnt-node</skeleton>
     <bind_material>
      <technique_common>
       <instance_material symbol="geometryElement7" target="#Material__360">
        <bind_vertex_input semantic="CHANNEL2" input_semantic="TEXCOORD" input_set="1"/>
       </instance_material>
      </technique_common>
     </bind_material>
    </instance_controller>
   </node>
  </visual_scene>
 </library_visual_scenes>
 <scene>
  <instance_visual_scene url="#scene9"/>
 </scene>
</COLLADA>
